     1.21
     1.55
     1.56
     1.53
     1.62
     1.66
     1.85
     1.65
     2.03
     1.87
     1.73
     1.68
     1.72
     1.57
     1.64
     1.69
     1.74
     1.72
     1.61
     1.61
     1.44
     1.66
     1.80
     1.83
     1.81
     1.99
     1.78
     1.90
     1.75
     1.90
     2.02
     2.15
     1.86
     1.66
     1.88
     1.83
     1.73
     2.05
     2.00
     1.74
     2.03
     2.07
     1.94
     1.92
     1.98
     1.94
     2.05
     1.77
     2.08
     2.05
     1.93
     1.79
     2.06
     1.97
     2.06
     2.11
     1.74
     2.00
     1.89
     2.13
     1.78
     1.89
     2.10
     2.07
     2.19
     2.13
     1.80
     2.39
     1.91
     2.05
     2.03
     2.05
     1.98
     2.09
     1.91
     1.87
     1.60
     1.94
     2.17
     2.09
     1.88
     1.84
     2.07
     1.95
     2.14
     1.96
     1.87
     2.12
     1.85
     2.09
     2.06
     1.87
     1.92
     2.05
     1.88
     2.09
     1.94
     1.92
     1.95
     1.95
     2.08
     1.82
     1.97
     2.09
     2.21
     1.82
     2.26
     1.83
     2.04
     2.13
     1.99
     2.04
     1.70
     1.98
     1.95
     2.10
     1.90
     1.95
     2.05
     2.31
     1.78
     1.96
     2.29
     1.91
     1.82
     2.32
     1.91
     1.96
     2.17
     2.06
     2.20
     2.00
     2.13
     1.99
     1.93
     1.97
     1.97
     1.87
     2.08
     1.82
     2.12
     2.02
     2.00
     2.11
     1.68
     1.83
     2.00
     1.94
     2.18
     1.88
     1.88
     2.15
     2.01
     1.70
     1.85
     2.19
     2.18
     2.11
     1.80
     2.11
     2.01
     2.00
     2.04
     1.98
     2.00
     2.05
     2.11
     2.06
     2.15
     2.20
     2.04
     2.24
     2.17
     1.66
     1.40
     1.56
     2.06
     2.14
     1.96
     2.30
     2.34
     2.05
     2.20
     1.98
     2.30
     2.09
     2.00
     2.13
     1.97
     1.68
     1.94
     1.88
     2.02
     2.08
     2.08
     1.86
     1.90
     2.37
     2.10
     2.10
     1.82
     2.05
     2.14
     2.14
     2.24
     1.88
     1.92
     1.81
     2.37
     1.85
     2.29
     2.01
     1.94
     1.98
     1.96
     2.05
     2.15
     1.96
     1.92
     2.23
     2.24
     2.06
     2.20
     2.10
     2.03
     2.16
     2.07
     2.01
     2.00
     1.83
     1.92
     2.12
     2.04
     1.88
     2.13
     2.04
     2.11
     1.90
     1.98
     1.91
     1.99
     1.97
     2.21
     2.08
     2.01
     2.01
     2.13
     1.95
     2.21
     2.42
     2.24
     2.35
     2.11
     2.11
     2.02
     2.04
     2.07
     2.12
     2.37
     2.12
     1.83
     2.05
     2.01
     1.88
     2.22
     1.75
     2.00
     2.11
     2.22
     1.96
     2.33
     1.89
     2.14
     1.93
     2.02
     2.04
     2.11
     2.11
     1.89
     2.05
     2.06
     2.06
     2.37
     2.01
     2.10
     1.81
     1.83
     2.09
     2.04
     1.93
     2.09
     1.71
     2.11
     2.02
     1.92
     1.97
     2.12
     1.50
     1.98
     2.03
     2.04
     2.11
     2.00
     2.03
     1.91
     1.90
     1.88
     2.13
     1.87
     1.85
     2.02
     2.19
     1.96
     2.00
     2.04
     1.98
     2.08
     2.12
     2.10
     1.92
     2.01
     2.08
     1.98
     2.02
     2.20
     2.22
     2.09
     2.09
     1.89
     2.11
     1.90
     1.84
     1.99
     2.11
     1.93
     2.05
     2.32
     1.86
     2.05
     2.05
     1.87
     1.95
     1.99
     2.05
     1.99
     1.94
     2.02
     2.15
     1.89
     2.04
     1.73
     1.99
     2.26
     2.01
     2.12
     1.79
     2.01
     1.98
     2.03
     2.11
     2.26
     2.02
     2.07
     2.15
     1.85
     1.83
     1.99
     1.77
     1.92
     2.09
     1.87
     2.10
     2.21
     2.35
     1.95
     1.90
     2.16
     1.81
     1.80
     1.92
     1.91
     2.09
     1.87
     2.14
     1.93
     2.16
     1.95
     1.99
     1.88
     1.96
     1.95
     2.08
     1.96
     1.95
     2.10
     1.83
     1.81
     2.22
     2.23
     1.91
     1.93
     2.05
     1.91
     2.12
     2.23
     1.94
     1.77
     1.93
     1.91
     2.08
     2.22
     1.99
     1.84
     1.88
     1.70
     2.16
     2.21
     2.06
     2.00
     2.21
     2.06
     2.25
     1.76
     2.10
     2.05
     1.88
     2.07
     2.08
     2.00
     1.88
     1.68
     1.93
     1.98
     1.81
     1.79
     1.91
     1.91
     2.04
     1.88
     1.98
     1.85
     2.21
     1.97
     1.71
     1.96
     2.00
     1.92
     2.23
     1.94
     2.14
     1.92
     2.23
     2.33
     2.00
     2.16
     1.88
     2.09
     2.18
     1.85
     2.19
     1.92
     1.81
     1.88
     2.15
     2.14
     2.25
     2.16
     2.22
     2.17
     1.80
     2.02
     1.99
     2.02
     2.24
     1.83
     1.99
     2.07
     2.08
     2.13
     2.16
     2.16
     1.76
     2.29
     2.01
     2.12
     1.87
     1.58
     1.97
     1.95
     1.95
     1.86
     1.99
     2.09
     2.25
     2.02
     1.71
     1.94
     2.22
     2.01
     1.98
